species	habitat	feeding_mode	trophic_level	offspring_size	spawning_type	age_maturity	fecundity	length_infinity	growth_coefficient	length_max	age_max	length_infinity	relative_growth_rate	weight_infinity	maximum_age	age_at_maturity	Length_at_maturity	generation_time
Abramis_brama	NA	NA	NA	NA	NA	NA	NA	NA	NA	NA	NA	68,32319458	0,121357571	5097,002297	14,26258109	3,83061191	32,92835884	108962,9237
Acantholabrus_palloni	reef-associated	benthivorous	3,5	0,91	guarder	3,2	160631	28	0,2	25	16	28,20702692	0,326795384	322,5687438	9,213630428	2,291283584	15,01896242	315,6994471
Acipenser_sturio	NA	NA	NA	NA	NA	NA	NA	NA	NA	NA	NA	297,5810347	0,046484716	153511,4447	56,72031132	18,5502035	145,1499632	2,51484E+16
Agonus_cataphractus	demersal	benthivorous	3,43	2	non-guarder	3	2550	15	0,47	21	1	14,69414833	0,538153188	23,23376251	3,548341528	1,212802232	8,708255441	12,56168859
Alburnus_alburnus	NA	NA	NA	NA	NA	NA	NA	NA	NA	NA	NA	18,59408369	0,297693442	124,4302311	9,756074495	2,201225875	9,948959378	433,1106379
Aldrovandia_affinis	benthopelagic	benthivorous	3,3	NA	non-guarder	NA	NA	61	0,39	55	36	33,21824387	0,351773428	307,2514685	7,473380106	2,173158653	18,52084639	775,3405558
Aldrovandia_phalacra	benthopelagic	generalist	3,17	NA	non-guarder	NA	NA	61	0,39	21	36	33,21824387	0,351773428	307,2514685	7,473380106	2,173158653	18,52084639	775,3405558
Alepocephalus_agassizii	bathydemersal	benthivorous	3,38	2,7	non-guarder	NA	3754	51	0,13	28	38	46,96211287	0,187404863	947,1400466	18,88562053	5,685570918	31,23631848	38273,64849
Alepocephalus_bairdii	bathydemersal	generalist	3,69	2,7	non-guarder	NA	3754	51	0,13	55	38	66,16022277	0,12395288	2844,893283	29,7148662	8,861653398	42,7389108	4407627,24
Alepocephalus_productus	NA	NA	NA	NA	NA	NA	NA	NA	NA	NA	NA	46,96211287	0,187404863	947,1400466	18,88562053	5,685570918	31,23631848	38273,64849
Alepocephalus_rostratus	NA	NA	NA	NA	NA	NA	NA	NA	NA	NA	NA	37,37520304	0,221973422	490,563233	16,27420907	4,910992523	25,00407061	4034,902023
Allocyttus_verrucosus	NA	NA	NA	NA	NA	NA	NA	NA	NA	NA	NA	46,14328001	0,100485742	1209,029835	28,78910952	8,953383652	26,78993638	393665070,5
Alopias_vulpinus	pelagic	generalist	4,5	1360	bearer	5,1	3	558	0,11	480	38	469,5369827	0,107430115	330528,1002	23,6167095	10,98414608	284,1429609	22321049,53
Alosa_alosa	pelagic	generalist	2,95	1	non-guarder	3,5	312500	70	0,32	65	10	67,13009106	0,281205902	3735,160924	10,15305	3,960519653	37,4315438	1031,089245
Alosa_fallax	pelagic	generalist	4,03	1	non-guarder	2,5	143750	52	0,33	43	25	47,50777335	0,298316189	1232,286135	11,11366226	3,820970322	26,83475189	1221,105624
Amblyraja_hyperborea	bathydemersal	benthivorous	4,31	102,5	non-guarder	11	30	68	0,15	45	24	93,44432329	0,123430041	3712,142799	17,1511316	8,148797922	56,96752652	4679624,512
Amblyraja_radiata	demersal	generalist	4,2	110	non-guarder	10,9	17	124	0,12	105	28	86,7759776	0,112411478	2984,378945	17,61038187	8,158255868	50,75664558	3282617,897
Ammodytes_marinus	benthopelagic	planktivorous	2,71	1,03	non-guarder	3,2	13133	25	0,16	21	10	18,59108595	0,503621776	38,95956074	7,902845765	1,728720008	13,15388892	34,63161246
Ammodytes_tobianus	demersal	planktivorous	3,08	0,85	non-guarder	1,5	13133	20	0,65	20	7	18,15464499	0,618607066	28,7535616	6,542715806	1,446384494	12,81291605	20,47210398
Anarhichas_lupus	demersal	benthivorous	3,55	6	non-guarder	9	25000	131	0,08	152	22	135,5819651	0,085321189	19241,84357	30,70115618	7,767531816	71,07385048	1623136560
Anarhichas_minor	demersal	benthivorous	3,62	3,35	guarder	8	19700	153	0,1	200	40	139,519605	0,091416409	17187,34192	28,38410356	7,228288601	74,4522429	514327739,3
Anguilla_anguilla	demersal	generalist	3,55	1,14	non-guarder	11	2500000	93	0,1	145	23	71,28985327	0,145864143	579,2241255	12,82213169	4,658795425	34,40161894	48775,70528
Anoplogaster_cornuta	bathypelagic	generalist	4,01	NA	non-guarder	NA	NA	15	0,86	18	NA	15,01403673	0,559973258	27,48904894	4,666118544	1,42872193	10,22182906	17,72120393
Anthias_anthias	reef-associated	generalist	3,75	0,84	non-guarder	1,1	937291	71	0,13	27	7	46,12056092	0,241625354	1234,77347	13,15729962	4,360262143	25,78485	5649,617962
Antimora_rostrata	bathydemersal	benthivorous	3,58	0,98	non-guarder	12,5	600000	64	0,09	80	25	68,53680634	0,14678841	2219,713228	17,68144803	5,042295558	39,64053762	74630,72638
Aphanopus_carbo	bathypelagic	piscivorous	4,48	1,74	non-guarder	4,5	500000	145	0,11	129	32	126,0874156	0,18621184	5460,333977	12,17151138	3,345409346	59,52538077	18081,98984
Aphia_minuta	benthopelagic	planktivorous	3,1	0,34	guarder	0,6	1792	5	2,23	8	0,7	5,660794584	1,550258206	0,967928181	1,598039151	0,366656264	3,303685491	2,949793489
Apletodon_dentatus	demersal	benthivorous	3,1	1,5	guarder	NA	195	4	0,79	4	1	7,610783336	0,886265923	3,686998944	3,163133112	0,886249576	4,728182513	11,58078471
Apristurus_aphyodes	NA	NA	NA	NA	NA	NA	NA	NA	NA	NA	NA	107,2646219	0,183307778	4886,588727	14,8122889	5,748418777	69,24459706	768473,8849
Apristurus_laurussonii	bathydemersal	generalist	3,89	60	non-guarder	3,5	1	46	0,38	76	8	107,2646219	0,183307778	4886,588727	14,8122889	5,748418777	69,24459706	768473,8849
Apristurus_microps	NA	NA	NA	NA	NA	NA	NA	NA	NA	NA	NA	107,2646219	0,183307778	4886,588727	14,8122889	5,748418777	69,24459706	768473,8849
Arctozenus_risso	bathypelagic	generalist	3,22	1,9	non-guarder	6	100000	21	0,7	30	11	19,74462131	0,670789777	51,49816511	4,016456769	1,200958049	12,21355707	24,27361899
Argentina_silus	bathydemersal	generalist	3,32	3,25	non-guarder	6,4	10000	45	0,16	70	35	44,21459045	0,197705194	792,4692057	21,92681112	6,422993856	33,41720518	35074,40126
Argentina_sphyraena	bathydemersal	generalist	3,62	1,72	non-guarder	2,5	10000	22	0,28	27	16	24,43512575	0,382005124	126,3541933	9,634453305	2,964321477	17,71564392	127,415537
Argyropelecus_aculeatus	bathypelagic	generalist	3,67	0,98	non-guarder	1	350	10	0,67	8	1	10,70452774	0,634889236	8,434445113	4,118528082	1,142920922	7,205008246	22,92152832
Argyropelecus_hemigymnus	bathypelagic	planktivorous	3,06	1	non-guarder	1	350	10	0,67	3	1	10,70452774	0,634889236	8,434445113	4,118528082	1,142920922	7,205008246	22,92152832
Argyropelecus_olfersii	bathypelagic	generalist	3,36	1,64	non-guarder	1	350	10	0,67	9	1	10,70452774	0,634889236	8,434445113	4,118528082	1,142920922	7,205008246	22,92152832
Argyrosomus_regius	benthopelagic	piscivorous	4,29	0,9	non-guarder	1,6	2000000	172	0,15	182	42	133,3022374	0,116468626	25196,30624	32,3408132	7,236577219	70,71129266	10982461,64
Arnoglossus_imperialis	demersal	benthivorous	3,84	0,75	non-guarder	1,5	50000	18	0,51	19	7	17,48087505	0,39458353	38,77638604	7,177698332	1,637878379	9,275127076	129,7340029
Arnoglossus_laterna	demersal	benthivorous	3,59	0,68	non-guarder	1,5	50000	17	0,25	17	8	15,43824041	0,391977112	25,14830072	6,36229926	1,495553436	7,82852932	69,98694347
Arnoglossus_rueppelii	demersal	benthivorous	4,03	0,7	non-guarder	1,5	50000	18	0,51	15	7	17,48087505	0,39458353	38,77638604	7,177698332	1,637878379	9,275127076	129,7340029
Arnoglossus_thori	demersal	benthivorous	3,28	0,72	non-guarder	1,5	50000	18	0,51	21	10	17,3496301	0,39134827	38,04471976	8,028944397	1,753359729	9,621407548	128,2490238
Artediellus_atlanticus	demersal	benthivorous	3,42	2,25	non-guarder	3,5	62	19	0,15	17	10	22,61733658	0,204706916	99,5346364	11,00936846	3,354284926	13,5428614	9674,22042
Atherina_boyeri	NA	NA	NA	NA	NA	NA	NA	NA	NA	NA	NA	11,53426813	0,539852138	13,54316991	4,125861887	1,293493667	6,572333118	15,82912686
Atherina_presbyter	pelagic	planktivorous	3,67	1,87	non-guarder	1	1500	15	0,7	14	4	12,30577751	0,543568093	15,44028388	4,141622404	1,280383112	7,271559115	14,70265448
Balistes_capriscus	reef-associated	benthivorous	4,06	0,45	guarder	1	86750	53	0,38	56	15	41,39666815	0,308897838	1117,634602	5,337639081	1,868707056	19,04441784	24,27293267
Bathypterois_dubius	bathydemersal	generalist	3,37	NA	non-guarder	NA	2200	18	0,4	20	15	21,63369339	0,243273268	80,98614391	8,639590473	2,856349106	11,53814544	625,8998095
Bathyraja_pallida	NA	NA	NA	NA	NA	NA	NA	NA	NA	NA	NA	95,28075988	0,09507675	4374,549174	22,37897737	11,49054982	56,33436641	718998309,1
Bathyraja_richardsoni	NA	NA	NA	NA	NA	NA	NA	NA	NA	NA	NA	95,28075988	0,09507675	4374,549174	22,37897737	11,49054982	56,33436641	718998309,1
Bathysaurus_ferox	bathydemersal	piscivorous	4,34	0,8	non-guarder	NA	32000	NA	NA	74	NA	26,36922215	0,448122846	128,6716111	5,64878553	1,737858648	15,4159392	167,1983711
Bathysolea_profundicola	bathydemersal	benthivorous	3,17	0,99	non-guarder	3	125000	28	0,28	21	16,1	17,90655386	0,521908509	44,37136477	7,884685559	1,623895688	11,06930837	72,64978064
Belone_belone	pelagic	piscivorous	4,16	3,1	non-guarder	2	18000	58	0,23	93	11	46,22116527	0,31175382	465,9963945	7,165503675	2,37360919	23,72307438	246,8622568
Benthocometes_robustus	NA	NA	NA	NA	NA	NA	NA	NA	NA	NA	NA	61,81400534	0,219159892	1659,740469	12,77551829	3,664105668	34,72134714	9451,077149
Benthosema_glaciale	benthopelagic	planktivorous	2,99	0,78	non-guarder	2,5	1051	9	0,36	7	8	8,859622423	0,461359756	6,0401274	5,498830201	1,509034871	5,591929167	27,17261561
Beryx_decadactylus	bathydemersal	generalist	4,13	1,08	non-guarder	6,1	472500	55	0,13	52	13	55,76346735	0,105845308	2583,874863	20,79115239	6,875274948	29,5860435	752432,4155
Beryx_splendens	benthopelagic	generalist	4,27	1,08	non-guarder	6,1	472500	46	0,17	43	23	52,78886975	0,138440115	2564,209988	16,71111105	5,484057868	27,25578792	22959,72914
Blennius_ocellaris	demersal	benthivorous	3,49	1,16	guarder	2,5	500	15	0,42	17	6,4	19,82650861	0,477561879	86,05746747	6,353870836	1,474800002	11,11686114	70,81007475
Blicca_bjoerkna	NA	NA	NA	NA	NA	NA	NA	NA	NA	NA	NA	41,89357217	0,172615678	1442,744748	10,70598907	2,920338012	18,79519374	2122,407398
Boops_boops	demersal	planktivorous	2,79	0,9	non-guarder	1,5	150000	31	0,21	36	6	31,27761453	0,21457912	440,6944994	12,06321865	3,00121777	15,59761358	1264,81051
Borostomias_antarcticus	bathydemersal	generalist	3,6	1,77	non-guarder	NA	45000	28	0,41	35	5,5	25,94545805	0,384347321	120,9190651	6,32609703	1,824071142	16,18381791	109,4579518
Brama_brama	bathypelagic	generalist	4,08	1,6	non-guarder	4	NA	71	0,08	100	9	71,37655943	0,140530863	4325,834506	20,2520066	4,994970733	36,61691686	416646,6511
Brosme_brosme	demersal	generalist	3,9	1,35	non-guarder	7	2500000	79	0,12	120	20	80,79884573	0,132740401	4014,607884	20,9976312	6,375768069	47,73530959	347007,5902
Buenia_jeffreysii	demersal	benthivorous	3,62	1,04	guarder	1,2	4513	9	0,93	6	2,8	12,43202877	0,638784071	15,18924078	4,019310849	0,905023102	6,694769934	13,88181793
Buglossidium_luteum	demersal	benthivorous	3,31	0,84	non-guarder	3	13400	11	0,57	14	13	12,60787423	0,556779786	15,88189388	7,562365305	1,679184446	8,302010779	51,52996763
Callanthias_ruber	demersal	generalist	3,8	NA	non-guarder	NA	NA	NA	NA	60	NA	38,70621519	0,351392033	662,3687848	9,387624161	2,197243156	21,49901727	653,8245679
Callionymus_lyra	demersal	benthivorous	3,27	0,9	non-guarder	2,5	5000	21	0,47	30	7	21,64297326	0,538802058	69,20199809	5,310497961	1,486677071	14,06466814	21,36447351
Callionymus_maculatus	demersal	benthivorous	3,31	0,7	non-guarder	4	5000	21	0,47	13	1	24,30765877	0,51931493	112,9085025	5,510795836	1,510288749	14,85954503	33,42415305
Callionymus_reticulatus	demersal	benthivorous	3,28	0,8	non-guarder	3,3	5000	21	0,47	11	5	24,30765877	0,51931493	112,9085025	5,510795836	1,510288749	14,85954503	33,42415305
Capros_aper	demersal	generalist	3,14	0,4	non-guarder	3,3	NA	13	0,25	18	26	13,89660868	0,285379409	35,48495749	12,61348139	2,869087364	8,200307858	529,2761577
Caranx_rhonchus	reef-associated	generalist	4,06	3,5	non-guarder	2,7	846750	44	0,18	60	11	52,43987566	0,282847904	2031,550869	8,827084272	2,014845214	24,90415439	85,42579139
Cataetyx_laticeps	bathydemersal	benthivorous	3,39	1	bearer	NA	105	10	0,94	65	NA	14,31586119	0,695470981	21,50223667	4,317576895	1,179736071	9,105469857	20,37896119
Centrolabrus_exoletus	reef-associated	benthivorous	3,5	0,91	guarder	3,2	160631	13	0,75	13	6	12,89436932	0,584959137	24,28995775	6,016483258	1,370629737	8,190896644	22,22576898
Centrolophus_niger	bathypelagic	benthivorous	3,92	1,3	non-guarder	NA	NA	66	0,24	74	12	50,42094427	0,274593546	1417,557508	10,88639579	2,607394468	27,93859357	2128,27653
Centrophorus_granulosus	bathydemersal	piscivorous	4,11	360	bearer	25	1	134	0,04	170	62	132,6899633	0,067212061	11692,68897	42,42125692	19,17595405	88,8609992	3,61937E+14
Centrophorus_squamosus	bathydemersal	generalist	4,47	390	bearer	25	8	134	0,04	145	62	137,6846612	0,058969213	13219,80915	47,04227039	21,47204439	91,04876506	6,45423E+15
Centroscyllium_fabricii	bathydemersal	generalist	3,84	175	bearer	5	10	42	0,18	84	57	102,3663801	0,07600997	5466,34599	38,54013545	17,93017081	69,23506187	1,53713E+14
Centroscymnus_coelolepis	bathydemersal	generalist	4,48	410	bearer	12	21	85	0,11	88	54	124,8858801	0,091852536	9379,293225	29,8368247	13,13947277	80,6735456	1,659E+12
Cepola_macrophthalma	demersal	planktivorous	3,13	0,72	non-guarder	2,4	NA	68	0,2	73	6,5	47,37824599	0,264841496	211,0726029	5,995188123	1,928448826	22,40559489	113,7098068
Ceratoscopelus_maderensis	bathypelagic	planktivorous	3,05	0,5	non-guarder	0,5	3025	9	0,36	8	5	8,86607341	0,686904721	5,749004472	3,267585225	0,959135074	5,161974258	10,84755736
Cetorhinus_maximus	pelagic	planktivorous	3,2	1750	bearer	11,5	2	1000	0,06	914	50	942,908142	0,043030618	4693316,452	57,23602502	23,3967026	517,3496607	3,62417E+18
Chauliodus_sloani	bathypelagic	generalist	4,2	2,95	non-guarder	NA	45000	23	0,35	11	8	23,70970315	0,373165211	93,95066266	7,145071604	1,984870923	15,13884053	168,346876
Chaunax_pictus	bathydemersal	NA	4,3	NA	NA	NA	NA	NA	NA	40	NA	35,24359155	0,260428862	386,1924302	8,666467126	2,559308934	18,74679693	3387,875262
Chelidonichthys_cuculus	demersal	generalist	3,81	1,55	non-guarder	3,5	57500	39	0,49	34	17	35,26416692	0,375528454	454,6499748	12,48080505	3,320922112	24,1793176	459,4696779
Chelidonichthys_obscurus	demersal	benthivorous	3,74	1,33	non-guarder	2,6	15000	42	0,42	34	16,7	42,02387715	0,317110938	739,7573186	12,02445635	3,20064597	26,09800389	1116,663034
Chelon_labrosus	demersal	benthivorous	2,59	1,32	non-guarder	3	851000	51	0,2	60	25	49,84179326	0,20048279	1415,259614	15,20989916	3,914880338	26,32746389	4518,029163
Chiasmodon_niger	bathypelagic	piscivorous	4,2	NA	non-guarder	NA	NA	NA	NA	25	NA	25,67682971	0,447809344	175,1770864	7,283619624	1,673219313	15,61581294	139,2689842
Chimaera_monstrosa	bathydemersal	benthivorous	3,52	135	non-guarder	11	100	88	0,21	57	30	130,3978034	0,108057116	16617,20419	23,99496478	8,312082689	73,76291191	51618794,49
Chirolophis_ascanii	benthopelagic	benthivorous	3,23	2,55	guarder	3,3	75323	48	0,2	25	10	36,36059633	0,225771897	543,9977027	13,50975788	3,199510769	20,41640713	13966,80286
Chlorophthalmus_agassizi	bathydemersal	benthivorous	3,66	2	non-guarder	3	8615	19	0,24	16	10	20,40786756	0,376671043	61,41090822	6,144377154	1,925471006	11,67720678	85,74598096
Ciliata_mustela	demersal	generalist	3,5	0,82	non-guarder	1	19500	99	0,08	25	3	65,3791321	0,186904645	2007,38974	14,48720974	4,228604811	38,04246634	33065,28871
Ciliata_septentrionalis	demersal	planktivorous	3,5	0,82	non-guarder	1	19500	102	0,11	12	3	65,3791321	0,186904645	2007,38974	14,48720974	4,228604811	38,04246634	33065,28871
Citharus_linguatula	demersal	benthivorous	3,97	NA	non-guarder	2	5086	27	0,26	30	6	26,68467756	0,285466973	133,8190568	9,303247029	2,361570206	13,77400773	603,7652387
Clupea_harengus	benthopelagic	planktivorous	3,38	1,2	non-guarder	3,2	37783	31	0,32	51	25	30,37434673	0,33686441	194,130189	12,4763119	4,955588944	25,67902272	11661,65392
Coelorinchus_caelorhincus	benthopelagic	benthivorous	3,49	1,5	non-guarder	12,4	31226	25	0,12	48	10	32,25695132	0,147846948	247,8665676	26,63416804	7,424558921	19,71711861	2219280,938
Coelorinchus_labiatus	bathydemersal	generalist	3,95	1,5	non-guarder	12,4	29976	25	0,12	50	10	26,32949293	0,257786745	126,8447395	17,16312839	4,57590616	17,16834921	8494,723497
Conger_conger	demersal	piscivorous	4,31	2,58	non-guarder	10	5500000	229	0,07	180	20	85,49094207	0,111571457	5101,586282	15,2417471	5,250328385	40,86356504	66322,14819
Conocara_murrayi	NA	NA	NA	NA	NA	NA	NA	NA	NA	NA	NA	33,41458021	0,280767055	318,1321543	12,03087647	3,641272858	22,42274081	2382,173526
Coregonus_lavaretus	demersal	generalist	3,13	2,05	non-guarder	2	63886	42	0,64	59	9	39,92741315	0,296625851	744,8452281	10,45069468	3,088712035	24,94574695	158,9254592
Coryphaenoides_guentheri	bathydemersal	generalist	3,26	1,5	non-guarder	10	31226	24	0,21	50	54	30,33672997	0,235750288	168,2859614	22,06101994	5,458971151	20,47502092	52419,83814
Coryphaenoides_mediterraneus	NA	NA	NA	NA	NA	NA	NA	NA	NA	NA	NA	30,45950316	0,233468713	170,5219141	22,23198863	5,505594718	20,53368073	62136,44349
Coryphaenoides_rupestris	bathypelagic	generalist	3,54	1,5	non-guarder	10	29976	108	0,09	30	60	75,26479852	0,094419733	2278,988473	48,44467566	12,45133089	46,58743372	2,16777E+11
Cottunculus_microps	bathydemersal	generalist	4,14	4,5	non-guarder	4	375	NA	NA	15	12	38,37412716	0,170050149	472,4652471	15,22315988	4,626170807	23,16096571	543613,7018
Cottunculus_thomsonii	bathydemersal	benthivorous	3,5	3,75	non-guarder	4	375	NA	NA	43	12	38,37412716	0,170050149	472,4652471	15,22315988	4,626170807	23,16096571	543613,7018
Cottus_gobio	NA	NA	NA	NA	NA	NA	NA	NA	NA	NA	NA	7,513269789	0,493475601	4,293265822	4,782697029	1,389188644	4,69578158	23,05630247
Crystallogobius_linearis	demersal	planktivorous	3,4	1,35	guarder	0,4	3000	5	0,97	5	1	6,250080036	1,056912811	1,898161717	2,55404091	0,56042536	3,584665568	4,408309834
Ctenolabrus_rupestris	reef-associated	benthivorous	3,58	0,86	non-guarder	2	160631	17	0,33	18	8	17,83149703	0,349790395	73,41243504	8,472317803	2,057877855	10,40488066	113,4790033
Cyclopterus_lumpus	benthopelagic	planktivorous	3,89	2,2	guarder	3,5	225000	54	0,17	57	13	51,93966919	0,161591566	1141,81406	16,4100186	4,95021086	31,31472604	165555,8067
Cyttopsis_rosea	bathypelagic	generalist	4,01	NA	non-guarder	NA	NA	NA	NA	31	NA	40,69520291	0,228920078	705,5770686	12,25484636	3,516526196	22,97934261	60812,49931
Dalatias_licha	bathydemersal	piscivorous	4,23	300	bearer	6,8	15	146	0,17	182	36	124,8858801	0,091852536	9379,293225	29,8368247	13,13947277	80,6735456	1,659E+12
Dasyatis_pastinaca	demersal	benthivorous	4,05	80	bearer	3,7	6	122	0,09	75	16	152,9683334	0,081920379	11884,46272	10,92912663	4,768953104	52,08763051	222334,4592
Dasyatis_tortonesei	NA	NA	NA	NA	NA	NA	NA	NA	NA	NA	NA	121,6673669	0,120397681	6049,851235	9,783654681	4,027639209	47,15621048	52516,64127
Deania_calcea	bathydemersal	piscivorous	4,33	315	bearer	25	10	106	0,1	80	33,5	116,6999451	0,094479792	7804,385078	36,64581152	16,20868733	87,25793945	1,35033E+11
Deltentosteus_quadrimaculatus	demersal	benthivorous	3,1	1,04	guarder	1,2	4513	12	0,48	9	5	12,43202877	0,638784071	15,18924078	4,019310849	0,905023102	6,694769934	13,88181793
Dentex_canariensis	NA	NA	NA	NA	NA	NA	NA	NA	NA	NA	NA	69,10417247	0,141691413	6020,621119	15,90675448	4,03556891	31,98079135	16190,84742
Dentex_dentex	NA	NA	NA	NA	NA	NA	NA	NA	NA	NA	NA	89,19962468	0,105446954	12850,86688	20,5645623	5,426684692	39,55106838	358168,2049
Dentex_gibbosus	NA	NA	NA	NA	NA	NA	NA	NA	NA	NA	NA	90,75515547	0,128657464	13583,04444	16,43147297	4,207958506	39,5876594	26012,9663
Dentex_maroccanus	demersal	benthivorous	3,85	1,14	non-guarder	2	856136	37	0,18	28	10	36,28095962	0,209799898	830,8499687	10,66082079	2,702060614	17,48253272	538,1554496
Dicentrarchus_labrax	demersal	generalist	3,47	1,3	non-guarder	3	520228	74	0,09	85	30	75,11875652	0,171500031	4056,012463	7,798651088	2,460796833	29,7503895	26263,2374
Dicentrarchus_punctatus	pelagic	generalist	3,94	1,3	non-guarder	3	520228	72	0,08	70	30	67,26777388	0,164480015	3298,591329	10,06431943	2,964825986	27,74347362	63441,86168
Dicologlossa_cuneata	demersal	benthivorous	3,32	0,8	non-guarder	3	160000	27	0,28	30	12	27,09495692	0,310258961	150,7602032	12,09559761	2,824110716	16,65728213	558,522836
Diplodus_annularis	benthopelagic	benthivorous	3,64	0,7	non-guarder	1,3	115000	22	0,24	22	13	20,87365305	0,255507151	153,2224408	8,409262794	2,195718635	10,18853685	136,9180347
Diplodus_bellottii	benthopelagic	benthivorous	3,55	0,7	non-guarder	2,8	115000	42	0,18	30	7,7	31,71816714	0,234378466	565,7644934	10,45428427	2,683338578	15,57422888	320,1461745
Diplodus_cervinus	reef-associated	benthivorous	2,99	0,7	non-guarder	2,8	115000	42	0,18	53	35	43,25899254	0,141688181	1574,615877	20,30389036	4,896172472	21,73986556	33892,88522
Diplodus_puntazzo	NA	NA	NA	NA	NA	NA	NA	NA	NA	NA	NA	25,07265672	0,291447227	274,239701	8,696917059	2,193436068	12,76041755	118,7527816
Diplodus_sargus	demersal	benthivorous	3,22	2,81	non-guarder	2,8	115000	42	0,18	32	10	#ÁVALOR!	#ÁVALOR!	#ÁVALOR!	#ÁVALOR!	#ÁVALOR!	#ÁVALOR!	#ÁVALOR!
Diplodus_vulgaris	benthopelagic	benthivorous	3,52	0,9	non-guarder	2	15437	28	0,37	45	6	33,96280481	0,233376427	696,3571082	10,37555579	2,729642041	17,25428698	260,0376455
Dipturus_batis	demersal	benthivorous	3,52	170	non-guarder	11	40	254	0,06	285	51	243,648935	0,065302973	61672,44027	26,08588098	14,29817914	135,7812228	1,46743E+11
Dipturus_linteus	"bathydemersal"""	benthivorous	3,51	153,33	non-guarder	10,7	40	233	0,08	152	51	#ÁVALOR!	#ÁVALOR!	#ÁVALOR!	#ÁVALOR!	#ÁVALOR!	#ÁVALOR!	#ÁVALOR!
Dipturus_nidarosiensis	demersal	generalist	3,5	153,33	non-guarder	10,7	40	254	0,06	230	51	198,7217319	0,089746081	33530,6597	19,11107609	10,5656138	112,0092427	309811480,1
Dipturus_oxyrinchus	demersal	generalist	3,5	140	non-guarder	10,7	40	254	0,06	150	51	193,6299793	0,091862631	29098,22131	14,32415499	8,52753887	99,88904155	4812105,961
Diretmus_argenteus	NA	NA	NA	NA	NA	NA	NA	NA	NA	NA	NA	29,09708728	0,313907878	245,3550301	7,841156897	2,557366354	16,41946231	888,6367651
Echiichthys_vipera	demersal	benthivorous	4,41	1,2	non-guarder	1	160000	15	0,33	15	14	38,70621519	0,351392033	662,3687848	9,387624161	2,197243156	21,49901727	653,8245679
Echiodon_drummondii	bathydemersal	generalist	4,03	1,28	non-guarder	NA	NA	NA	NA	30	NA	34,54061058	0,344147704	317,6998184	8,001857398	2,288529667	19,80561197	1024,682847
Enchelyopus_cimbrius	demersal	benthivorous	3,53	0,82	non-guarder	3	500000	37	0,23	41	9	38,92983723	0,264022011	413,4467929	9,97268689	2,986179591	23,53995673	419,5903057
Engraulis_encrasicolus	pelagic	planktivorous	3,11	1,5	non-guarder	1	174000	23	0,46	21	3	18,36287397	0,479639737	32,00488199	4,881880152	1,296623088	10,44176548	21,05449747
Entelurus_aequoreus	demersal	generalist	3,54	1,2	bearer	2	600	26	0,74	61	7,5	16,07882333	0,988699245	18,31636463	3,345760106	0,851400361	9,837280005	13,57498714
Ephippion_guttifer	demersal	benthivorous	3,55	0,85	NA	1	56183	39	0,35	80	6,8	29,0515601	0,509744855	312,8339098	5,285943234	1,505583813	16,47160872	31,11510845
Epigonus_denticulatus	bathydemersal	generalist	3,42	0,4	non-guarder	36,2	NA	25	0,26	20	42,3	79,31245353	0,143603682	5957,721779	27,70195955	6,014157761	43,51159726	26617105,27
Epigonus_telescopus	bathydemersal	generalist	3,59	0,4	non-guarder	36,2	NA	25	0,26	75	104	152,181295	0,06138563	44322,41129	62,21486637	13,723435	78,01934852	1,13331E+16
Esox_lucius	NA	NA	NA	NA	NA	NA	NA	NA	NA	NA	NA	89,80749699	0,180417143	5288,624262	9,956686363	2,390485814	44,81677723	2388,561683
Etmopterus_princeps	bathydemersal	piscivorous	4,18	110	bearer	5	10	42	0,18	60	57	89,44369148	0,066845091	3789,363056	45,85166925	22,14164684	62,41064169	4,98605E+15
Etmopterus_spinax	bathydemersal	generalist	4,14	80	bearer	5	13	42	0,18	60	57	89,44369148	0,066845091	3789,363056	45,85166925	22,14164684	62,41064169	4,98605E+15
Eurypharynx_pelecanoides	bathypelagic	generalist	4,11	NA	non-guarder	NA	NA	NA	NA	100	NA	27,57467163	0,409566979	167,0987221	6,636933517	1,885414986	16,20285257	333,2522206
Eutrigla_gurnardus	demersal	generalist	3,87	1,35	non-guarder	2,8	244949	41	0,27	36	21	35,89066899	0,332909014	419,6314683	12,95697944	3,471561762	24,96117253	1122,321698
Facciolella_oxyrhyncha	demersal	benthivorous	3,5	0,05	non-guarder	3,5	4000	60	0,4	65	NA	61,08425707	0,236565116	1182,567095	9,913216041	2,996288174	35,23187884	3432,115012
Gadella_maraldi	benthopelagic	generalist	3,45	0,98	non-guarder	10,5	600000	43	0,15	30	27,4	58,37899776	0,202576899	1439,52894	14,0527009	3,926228455	33,43764029	39184,24554
Gadiculus_argenteus	benthopelagic	planktivorous	3,6	1	non-guarder	2	2549502	18	0,31	22	4	19,09520507	0,562063567	57,5410022	3,974533206	1,000417458	10,67809871	10,6033815
Gadus_morhua	benthopelagic	generalist	4,09	1,52	non-guarder	5,1	3772791	132	0,15	116	25	104,4906124	0,165194276	11398,83109	14,53982264	2,525985523	48,35584758	10233,55588
Gaidropsarus_argentatus	bathydemersal	generalist	3,39	1,27	non-guarder	4	1644668	27	0,6	45	10	41,30518711	0,30227965	500,325506	9,535964008	2,717959889	25,10590917	472,9583774
Gaidropsarus_biscayensis	benthopelagic	benthivorous	3,57	0,78	non-guarder	2,8	2500000	27	0,6	40	8	41,30518711	0,30227965	500,325506	9,535964008	2,717959889	25,10590917	472,9583774
Gaidropsarus_macrophthalmus	demersal	benthivorous	3,5	0,78	non-guarder	2,8	2500000	27	0,6	19	8	41,30518711	0,30227965	500,325506	9,535964008	2,717959889	25,10590917	472,9583774
Gaidropsarus_mediterraneus	demersal	generalist	3,47	0,78	non-guarder	1,5	2500000	27	0,6	50	8	29,65687584	0,427598921	183,6341695	7,052406879	1,975879923	18,60210453	60,51737244
Gaidropsarus_vulgaris	demersal	benthivorous	3,47	0,78	non-guarder	3	2500000	27	0,6	60	6	41,30518711	0,30227965	500,325506	9,535964008	2,717959889	25,10590917	472,9583774
Galeorhinus_galeus	benthopelagic	piscivorous	4,34	280	bearer	5,5	29	172	0,12	195	57	171,7072808	0,121408195	26593,03795	43,97425638	13,31012397	125,5788452	19538659977
Galeus_atlanticus	bathydemersal	generalist	4,12	20	non-guarder	3,5	6	46	0,38	49	8	107,2646219	0,183307778	4886,588727	14,8122889	5,748418777	69,24459706	768473,8849
Galeus_melastomus	demersal	generalist	4,17	42	non-guarder	3,5	93	46	0,38	54	8	107,2646219	0,183307778	4886,588727	14,8122889	5,748418777	69,24459706	768473,8849
Galeus_murinus	bathydemersal	piscivorous	4,12	30	non-guarder	3,5	54	46	0,38	63	8	107,2646219	0,183307778	4886,588727	14,8122889	5,748418777	69,24459706	768473,8849
Glyptocephalus_cynoglossus	demersal	benthivorous	3,17	1,16	non-guarder	7,9	100000	62	0,1	78	25	42,57932191	0,203579296	632,4177436	21,38293437	5,283302392	26,68999889	122424,573
Gnathophis_mystax	demersal	benthivorous	3,48	2,75	non-guarder	10	5500000	229	0,07	60	16,7	78,3875315	0,148009988	3258,524704	13,16380747	4,329853083	39,41758089	157273,3088
Gobius_auratus	NA	NA	NA	NA	NA	NA	NA	NA	NA	NA	NA	12,87796919	0,48894388	17,55084963	5,320994758	1,103839799	6,94165078	26,13042594
Gobius_cobitis	NA	NA	NA	NA	NA	NA	NA	NA	NA	NA	NA	21,28258801	0,300759503	80,09740959	8,148186816	1,730835037	10,95559944	160,5612971
Gobius_gasteveni	demersal	benthivorous	3,3	1,96	guarder	2	4739	10	0,43	12	5	12,87796919	0,48894388	17,55084963	5,320994758	1,103839799	6,94165078	26,13042594
Gobius_niger	demersal	benthivorous	3,31	1,5	guarder	2	3500	10	0,43	15	5	15,60005954	0,442752801	30,42570969	4,772770709	1,029902405	7,667732158	20,00986314
Gobius_paganellus	demersal	benthivorous	3,3	2,42	guarder	1,5	3076	12	0,41	13	10	13,87723337	0,409104762	23,44598472	7,369218835	1,4336374	7,865895288	55,76061541
Gobiusculus_flavescens	demersal	benthivorous	3,18	1	guarder	1	5016	7	0,94	6	2	7,244810409	0,965598298	2,961365558	2,777401709	0,611954986	4,105819991	4,795738563
Gymnammodytes_semisquamatus	demersal	planktivorous	2,68	0,94	non-guarder	3,2	13133	19	0,38	30	9,5	29,320886	0,404970033	196,9194775	8,888620867	2,019326178	18,43629013	204,7004223
Halargyreus_johnsonii	bathypelagic	generalist	3,38	0,98	non-guarder	10,5	600000	64	0,15	56	27,4	58,37899776	0,202576899	1439,52894	14,0527009	3,926228455	33,43764029	39184,24554
Halosauropsis_macrochir	bathydemersal	benthivorous	3,27	NA	non-guarder	NA	NA	61	0,39	76	36	33,21824387	0,351773428	307,2514685	7,473380106	2,173158653	18,52084639	775,3405558
Harriotta_raleighana	bathydemersal	benthivorous	3,55	125	non-guarder	NA	NA	NA	NA	103	NA	96,39969505	0,161174921	6557,550394	17,14389529	5,79373331	56,84275801	7732035,557
Helicolenus_dactylopterus	bathydemersal	generalist	3,54	2,8	non-guarder	13	230055	34	0,07	47	43	37,17675484	0,123698451	498,7438519	19,91597001	7,153485999	20,64144901	3827285,283
Heptranchias_perlo	bathydemersal	piscivorous	4,16	750	bearer	16	15	202	0,25	139	32	174,9110988	0,144789034	27643,30671	19,57103639	7,68880165	106,2990588	48517051,97
Hexanchus_griseus	bathydemersal	generalist	4,48	750	bearer	16	65	202	0,25	482	32	174,9110988	0,144789034	27643,30671	19,57103639	7,68880165	106,2990588	48517051,97
Hippocampus_guttulatus	NA	NA	NA	NA	NA	NA	NA	NA	NA	NA	NA	14,71661968	1,093564346	14,76365581	3,29253475	0,801880347	8,646317862	7,674577432
Hippocampus_hippocampus	demersal	generalist	3,15	1,52	bearer	0,4	338	17	1,26	15	1	11,96142819	1,442098175	7,782538397	2,62214413	0,626317112	7,250300498	5,550347807
Hippoglossoides_platessoides	demersal	generalist	4,08	2,01	non-guarder	7,6	762611	66	0,1	83	30	63,47067341	0,106114014	3249,914723	24,53769102	5,976480521	32,05420073	2141483,243
Hippoglossus_hippoglossus	demersal	piscivorous	4	3,4	non-guarder	5,9	2400000	210	0,03	470	30	211,1402327	0,068015208	128224,6377	32,53341407	9,785214237	94,73493486	2061565789
Holtbyrnia_anomala	bathypelagic	planktivorous	3,1	NA	non-guarder	NA	NA	35	0,86	25	NA	24,24089887	0,498110231	102,8956296	6,544579868	1,955033839	17,08298068	102,6201189
Hoplostethus_atlanticus	bathypelagic	generalist	4,25	2,25	non-guarder	15,8	132465	54	0,05	67	149	60,42694861	0,068959531	2036,837885	23,67028095	9,479926025	28,92345743	97764748,8
Howella_sherborni	bathypelagic	planktivorous	3,1	NA	NA	NA	NA	10	0,85	8	NA	14,94451146	0,591363226	32,44882235	6,117143246	1,32410723	10,07672101	36,51289372
Hydrolagus_affinis	bathydemersal	generalist	4	150	non-guarder	12	19	88	0,21	130	28	93,22735363	0,169152713	5884,757417	16,49557052	5,548462494	55,45067994	461279,442
Hydrolagus_mirabilis	bathydemersal	generalist	3,94	150	non-guarder	12	19	88	0,21	41	28	93,22735363	0,169152713	5884,757417	16,49557052	5,548462494	55,45067994	461279,442
Hydrolagus_pallidus	NA	NA	NA	NA	NA	NA	NA	NA	NA	NA	NA	93,22735363	0,169152713	5884,757417	16,49557052	5,548462494	55,45067994	461279,442
Hygophum_benoiti	NA	NA	NA	NA	NA	NA	NA	NA	NA	NA	NA	8,86607341	0,686904721	5,749004472	3,267585225	0,959135074	5,161974258	10,84755736
Hymenocephalus_italicus	benthopelagic	generalist	3,4	1,5	non-guarder	12,4	31226	74	0,11	5	9	44,0604257	0,193966052	587,4165202	22,57933566	6,062172554	27,9421959	225374,8065
Hyperoplus_immaculatus	demersal	piscivorous	4,38	0,94	non-guarder	2	13133	30	0,4	35	9,5	29,55293891	0,386999249	197,5088347	9,292797132	2,100490558	18,86290263	191,7943659
Hyperoplus_lanceolatus	demersal	generalist	3,98	0,94	non-guarder	2	13133	30	0,4	40	9,5	29,72148971	0,374531743	197,9351129	9,595748892	2,161063704	19,17679289	159,1397959
Icelus_bicornis	demersal	benthivorous	3,13	1,96	non-guarder	2	38565	27	0,14	16	8	23,79576813	0,232618283	121,3847411	9,815157966	3,020260723	13,71919055	1748,410927
Ilyophis_blachei	NA	NA	NA	NA	NA	NA	NA	NA	NA	NA	NA	90,20698943	0,211908908	4127,914658	10,85669283	3,385218972	47,59889678	19003,1546
Labrus_bergylta	reef-associated	benthivorous	3,2	1	guarder	2	160631	43	0,13	51	9	50,80599377	0,121995819	2268,382492	27,19748756	6,375186158	27,11609567	3155552,845
Labrus_mixtus	reef-associated	benthivorous	3,91	1	guarder	2	160631	39	0,11	40	20	40,10738711	0,166416033	1075,151686	18,5204365	4,538196249	20,45307128	28108,55845
Lamna_nasus	pelagic	piscivorous	4,57	670	bearer	13,5	3	306	0,08	329	30	304,1888609	0,094117181	141641,7908	30,27246878	11,38702783	193,7242552	663919639,5
Lampanyctus_crocodilus	bathypelagic	planktivorous	3,22	0,5	non-guarder	0,5	7020	9	0,38	30	6	8,86607341	0,686904721	5,749004472	3,267585225	0,959135074	5,161974258	10,84755736
Lampanyctus_intricarius	NA	NA	NA	NA	NA	NA	NA	NA	NA	NA	NA	8,86607341	0,686904721	5,749004472	3,267585225	0,959135074	5,161974258	10,84755736
Lampetra_fluviatilis	demersal	piscivorous	4,5	0,61	non-guarder	4	23250	22	0,16	45	10	25,60760761	0,234295486	118,8989622	8,107082002	3,132511734	14,544731	761,6591383
Lampris_guttatus	NA	NA	NA	NA	NA	NA	NA	NA	NA	NA	NA	54,20518783	0,239207168	1354,832088	10,53667685	3,127580792	28,82623215	11650,86256
Lepadogaster_lepadogaster	demersal	benthivorous	2,78	1,85	guarder	NA	195	4	0,79	7	5	7,610783336	0,886265923	3,686998944	3,163133112	0,886249576	4,728182513	11,58078471
Lepidion_eques	benthopelagic	benthivorous	3,24	0,98	non-guarder	8,5	600000	43	0,15	33	13	48,71360354	0,260223428	924,2860005	11,74439026	3,358191165	27,46453362	969,6005239
Lepidopus_caudatus	benthopelagic	generalist	3,82	1,6	non-guarder	4,5	213500	95	0,06	164	7	148,7924362	0,216660236	9047,603667	10,84866668	2,87758316	75,04143231	5542,241155
Lepidorhombus_boscii	demersal	benthivorous	3,74	1,1	non-guarder	1	500000	41	0,14	35	13	37,28398972	0,188896172	476,5964067	12,12657899	2,81729557	16,64291525	3069,684316
Lepidorhombus_whiffiagonis	bathydemersal	benthivorous	4,34	1,1	non-guarder	2,8	500000	58	0,12	47	16	51,21651814	0,15286887	1257,887637	15,0435719	3,385655755	22,99062111	32188,41547
Lepidotrigla_cavillone	demersal	generalist	3,33	1,3	non-guarder	2	250000	16	0,37	16	5	19,85721924	0,457694735	81,56301442	7,083467837	2,052605562	12,08150874	50,51921907
Lepidotrigla_dieuzeidei	demersal	generalist	3,66	1,3	non-guarder	2	250000	16	0,37	20	5	24,92296507	0,400306992	157,9440305	8,30863069	2,378570663	15,25239793	175,1203832
Leptagonus_decagonus	demersal	generalist	3,21	2	non-guarder	3	1197	16	0,33	19	11	20,65544774	0,335848624	69,52984688	6,722276713	2,154887661	12,46493445	272,9460835
Leptoclinus_maculatus	demersal	benthivorous	3,28	1,5	guarder	3,3	1000	56	0,12	23	10	36,36059633	0,225771897	543,9977027	13,50975788	3,199510769	20,41640713	13966,80286
Lesueurigobius_friesii	demersal	benthivorous	3,55	1,8	guarder	2	6500	7	0,7	9	11	11,98401457	0,604323455	12,82865821	4,279397147	0,946895825	6,765546299	13,03780833
Lesueurigobius_sanzi	demersal	benthivorous	3,55	1,8	guarder	2	6500	7	0,7	11	2,8	12,16977308	0,618533271	13,76966821	4,168409406	0,929116603	6,735794038	13,45888301
Leucoraja_circularis	demersal	benthivorous	3,5	60	non-guarder	6,4	48	75	0,16	120	20,3	81,78075762	0,161349911	2399,268387	15,02743207	7,207374345	54,73768285	261704,1105
Leucoraja_fullonica	bathydemersal	benthivorous	3,5	150	non-guarder	6,4	48	83	0,13	120	20,3	81,78075762	0,161349911	2399,268387	15,02743207	7,207374345	54,73768285	261704,1105
Leucoraja_lentiginosa	demersal	generalist	3,96	56	non-guarder	6,4	48	85	0,14	43	20,3	81,78075762	0,161349911	2399,268387	15,02743207	7,207374345	54,73768285	261704,1105
Leucoraja_naevus	demersal	benthivorous	4,21	50	non-guarder	8,5	63	75	0,16	71	28	84,99019	0,135489609	2641,98784	18,05482602	8,539216952	57,85719272	2894220,942
Limanda_limanda	demersal	benthivorous	3,39	1,2	non-guarder	2,6	236000	31	0,29	44	12	30,94572157	0,306279744	383,8916854	11,72768002	2,20807731	16,05242175	1371,729371
Liparis_montagui	demersal	benthivorous	3,45	1,11	non-guarder	1	700	13	0,68	12	2	14,95327974	0,737864463	27,06975092	4,309401388	1,228234669	9,917223496	16,93901728
Lipophrys_pholis	NA	NA	NA	NA	NA	NA	NA	NA	NA	NA	NA	16,51971378	0,446059087	50,19362189	5,975526466	1,396327061	8,896859293	28,20485496
Lithognathus_mormyrus	demersal	benthivorous	3,42	1,14	non-guarder	2,2	408380	36	0,21	55	12	35,48001596	0,213240359	661,2204748	12,24420708	2,888807743	17,32244206	803,7465124
Lophius_budegassa	bathydemersal	piscivorous	4,41	1,8	non-guarder	8,2	200000	98	0,09	93	21	88,0886339	0,110969617	8042,217689	12,57035645	4,371424321	35,05826486	20131,04476
Lophius_piscatorius	bathydemersal	piscivorous	4,45	2,7	non-guarder	4,5	1500000	162	0,09	140	24	137,7746365	0,108904952	28959,08704	11,11867325	3,990815906	52,82578195	9267,564231
Lota_lota	demersal	generalist	3,84	0,73	non-guarder	5	703839	89	0,13	110	24,5	94,98878397	0,114223808	5735,625974	21,61926079	6,476438031	54,49394799	1804009,226
Lumpenus_lampretaeformis	demersal	benthivorous	3,59	0,8	guarder	3	700	48	0,2	40	9	45,24940378	0,180962069	1012,658235	16,62708832	3,927079646	25,66878149	25716,44391
Lycenchelys_sarsii	bathydemersal	benthivorous	3,21	5,4	guarder	4	25	107	0,09	23	6	44,98386136	0,232812807	773,251876	11,09046661	2,82612837	24,63198777	3342,959497
Lycodes_gracilis	demersal	benthivorous	3,65	4,45	guarder	3	30	21	0,21	39	11	55,32903259	0,22340779	1347,186338	10,72964728	2,792362578	30,62553396	1074,012138
Lycodes_pallidus	demersal	benthivorous	3,14	5,5	guarder	3	40	22	0,24	29	9	56,68971694	0,217977895	1458,1292	10,94000483	2,856061343	31,17141578	2005,236025
Lycodes_terraenovae	bathydemersal	benthivorous	3,45	5,6	guarder	3,6	30	22	0,24	51	14,4	56,68971694	0,217977895	1458,1292	10,94000483	2,856061343	31,17141578	2005,236025
Lycodes_vahlii	bathydemersal	generalist	3,4	5	guarder	3,6	254	22	0,24	57	14,4	56,68971694	0,217977895	1458,1292	10,94000483	2,856061343	31,17141578	2005,236025
Macroramphosus_scolopax	demersal	benthivorous	3,47	1	non-guarder	NA	NA	18	0,4	23	6	17,71677945	0,563355926	33,48280314	3,906730499	1,1937859	9,828027455	14,55930565
Macrourus_berglax	benthopelagic	benthivorous	3,57	1,5	non-guarder	12,4	43860	121	0,03	110	25	83,2228215	0,082797024	4174,818448	46,11558695	13,06450816	48,22332253	9,79358E+11
Malacocephalus_laevis	bathydemersal	generalist	3,79	1,5	non-guarder	14,8	29976	74	0,11	60	42	50,65223494	0,160338314	901,1358687	26,50504623	7,196726646	31,54094499	7977561,715
Malacosteus_niger	bathypelagic	generalist	3,72	1,77	non-guarder	NA	45000	28	0,41	26	6,8	23,55069395	0,405274695	92,14255272	6,414048212	1,806111219	14,82950924	135,3228877
Maulisia_microlepis	NA	NA	NA	NA	NA	NA	NA	NA	NA	NA	NA	24,24089887	0,498110231	102,8956296	6,544579868	1,955033839	17,08298068	102,6201189
Maurolicus_muelleri	bathypelagic	planktivorous	3,01	1,48	non-guarder	1	350	5	0,95	5	8	6,688831593	0,86428143	2,040821054	3,104998602	0,84880512	4,687912184	7,56346767
Melanogrammus_aeglefinus	demersal	benthivorous	4,03	1,38	non-guarder	3,4	969000	76	0,33	76	20	66,61867077	0,241147299	3211,995037	14,16516805	2,329819971	37,04945256	1546,295945
Melanonus_zugmayeri	bathypelagic	NA	3,5	NA	NA	NA	NA	NA	NA	28	NA	52,62524482	0,225554455	1073,90624	12,73080585	3,456467205	29,67790107	48753,63969
Melanostigma_atlanticum	bathypelagic	generalist	3	5,6	guarder	3,5	1000	44	0,13	16	11	44,98386136	0,232812807	773,251876	11,09046661	2,82612837	24,63198777	3342,959497
Melanostomias_bartonbeani	bathypelagic	piscivorous	4,5	1,77	non-guarder	NA	45000	28	0,41	26	6,8	23,55069395	0,405274695	92,14255272	6,414048212	1,806111219	14,82950924	135,3228877
Merlangius_merlangus	benthopelagic	generalist	4,36	1,14	non-guarder	1,5	381095	46	0,27	46	20	44,63663772	0,290320788	781,489942	10,9741363	2,374462121	25,97623375	438,2910293
Merluccius_merluccius	demersal	generalist	4,42	0,97	non-guarder	3,4	1834285	108	0,11	86	20	80,25878286	0,140717711	1898,639759	11,50958019	2,974394148	32,21221354	8345,861682
Micrenophrys_lilljeborgii	demersal	generalist	3,79	2	non-guarder	3,9	31696	25	0,27	7	6,3	25,7423147	0,233419972	152,9765047	9,868106163	3,030692581	14,81517818	2620,266196
Microchirus_boscanion	demersal	benthivorous	3,23	1,2	non-guarder	3	500000	34	0,29	20	71,7	29,71896218	0,303569205	216,5296346	13,61974928	2,895421867	18,09088081	2751,190082
Microchirus_ocellatus	demersal	benthivorous	3,23	1	non-guarder	3	500000	34	0,29	20	71,7	29,71896218	0,303569205	216,5296346	13,61974928	2,895421867	18,09088081	2751,190082
Microchirus_variegatus	demersal	benthivorous	3,28	1,2	non-guarder	3	500000	19	0,38	25	14	20,80141746	0,378554372	71,86278991	11,21667075	2,337794033	13,32300932	471,9221916
Micromesistius_poutassou	bathypelagic	generalist	4,13	1,16	non-guarder	1,9	122000	45	0,14	34	20	36,21150481	0,292354504	346,4526287	12,96481843	3,00347545	23,08106488	709,7439935
Microstomus_kitt	demersal	benthivorous	3,21	1,29	non-guarder	4	95000	39	0,22	67	23	40,02209378	0,215253556	995,3214457	27,88358251	6,398230614	27,28521608	320706,4467
Mola_mola	pelagic	generalist	3,68	1,3	non-guarder	NA	300000000	336	0,31	150	NA	245,7314272	0,151006575	162060,6578	15,66506883	4,868917317	114,8502568	33733,3906
Molva_dypterygia	demersal	generalist	4,49	1,05	non-guarder	7	703839	143	0,13	38	20	138,2861849	0,121174272	19232,64504	21,18583946	6,355173986	76,24796384	498858,1463
Molva_macrophthalma	demersal	generalist	4,5	1,05	non-guarder	6,5	2500000	154	0,12	108	23	115,3358344	0,135160764	11201,71764	19,06674961	5,67802833	64,1380403	282029,9514
Molva_molva	demersal	generalist	4,4	1,05	non-guarder	6	2000000	168	0,11	200	25	144,8777612	0,119325911	22552,37294	20,9203568	6,274971451	78,64274152	292229,9226
Monochirus_hispidus	demersal	benthivorous	3,28	1,17	non-guarder	3	113750	13	0,39	13	13	13,6600417	0,434231726	23,75051943	8,170475931	1,663955665	7,918255863	98,80624967
Mora_moro	benthopelagic	benthivorous	3,75	0,98	non-guarder	10,5	600000	64	0,1	72	38	67,01613585	0,134453724	2257,693675	19,47257243	5,605709354	36,87403237	552345,1973
Mugil_cephalus	benthopelagic	generalist	2,48	0,78	non-guarder	6	652140	49	0,28	100	16	59,84538808	0,243490094	1559,303317	13,75415734	3,531135061	31,69428667	2957,601738
Mullus_surmuletus	demersal	benthivorous	3,45	0,87	non-guarder	1,5	20362	53	0,18	40	11	31,27842087	0,293440479	286,9031918	8,331584641	1,350873525	15,83919392	121,0706315
Mustelus_asterias	demersal	benthivorous	3,68	300	bearer	5	11	114	0,17	140	11,9	117,9768162	0,168631392	7170,319458	15,12536272	5,878371276	74,49196887	84339,99637
Mustelus_mustelus	demersal	generalist	3,75	390	bearer	13,5	10	175	0,08	164	24	171,9090968	0,124157647	24387,44085	20,34142655	8,097515384	99,86534617	3393702,442
Myctophum_punctatum	bathypelagic	planktivorous	3,39	0,5	non-guarder	0,5	800	10	0,23	11	5	9,855619535	0,380228754	8,062090689	5,178829651	1,565735829	5,302025047	35,76249005
Myliobatis_aquila	benthopelagic	generalist	3,61	275	bearer	4,5	5	206	0,14	183	23	107,199907	0,147021947	5643,349195	15,14492079	5,726238182	58,01931753	898111,7003
Myoxocephalus_scorpioides	demersal	benthivorous	3,39	2,15	guarder	5,4	8228	46	0,2	30	12	38,84437726	0,265837217	510,3524009	9,298409711	2,807778376	22,26333116	873,7752073
Myoxocephalus_scorpius	demersal	generalist	3,89	2,15	guarder	2	11150	24	0,44	90	8	24,12051968	0,411638222	115,2690384	6,43635525	1,871612545	14,98006272	69,90689004
Myxine_glutinosa	demersal	benthivorous	4,54	5	non-guarder	8	25	112	0,12	79	NA	98,67751696	0,138001653	6665,480218	19,13995291	6,576003779	57,61218231	45254447,65
Naucrates_ductor	reef-associated	planktivorous	3,98	1,14	non-guarder	2,7	793500	42	2,35	34	19,8	34,59973781	1,76086417	376,7518278	2,430781647	0,450292636	22,19921627	3,142420507
Nemichthys_scolopaceus	bathypelagic	planktivorous	3,5	NA	non-guarder	NA	NA	100	0,3	146	NA	90,52686625	0,194398745	3751,085765	11,2087276	3,486542698	50,85840131	3588,596471
Neocyttus_helgae	bathypelagic	generalist	3,58	NA	non-guarder	25,5	37333	45	0,08	31	100	44,51984265	0,128431428	1035,734781	21,84703932	6,618114738	25,3255827	17506433,98
Neogobius_melanostomus	demersal	benthivorous	3,3	0,89	guarder	2	2650	16	0,26	25	6	14,05673297	0,444634805	22,66728953	5,362994081	1,239911625	7,305580932	23,7311168
Neoraja_caerulea	bathydemersal	benthivorous	3,5	150	non-guarder	4,8	55	109	0,13	30	21,3	103,5431965	0,140511446	5023,295494	16,53429249	8,135706156	66,85285848	4125460,456
Nerophis_lumbriciformis	demersal	generalist	4,03	1,3	bearer	0,5	357	30	1,05	17	3,8	13,63547226	1,002957159	10,2860851	3,299152426	0,82848682	8,758962184	11,5465076
Nerophis_ophidion	demersal	generalist	4,01	1,2	bearer	0,5	250	30	1,05	29	3,8	12,10673062	1,01337083	6,783692601	3,26593167	0,81234006	8,055196676	9,484058436
Nesiarchus_nasutus	benthopelagic	generalist	4,33	1	non-guarder	4	1450000	105	0,2	130	12,2	53,98576999	0,260420809	1483,798518	12,71395167	3,056260766	30,53680384	5209,352827
Nettastoma_melanurum	bathydemersal	benthivorous	3,5	1,46	non-guarder	3,5	13444	60	0,4	77	NA	65,56685841	0,215817451	1525,534832	10,56775142	3,25279289	36,41097235	13127,54398
Nezumia_aequalis	benthopelagic	generalist	3,26	1,5	non-guarder	12,4	31226	30	0,13	36	9	39,51580819	0,16679939	436,8485419	24,97157924	6,821509922	24,63322314	738593,8184
Nezumia_bairdii	benthopelagic	generalist	3,34	1,5	non-guarder	4	29976	30	0,13	43	11	35,01146254	0,191618762	297,0723073	22,30872149	6,012842851	22,41209335	187822,416
Nezumia_sclerorhynchus	NA	NA	NA	NA	NA	NA	NA	NA	NA	NA	NA	33,49366326	0,163479169	276,0408077	24,6992601	6,841934404	20,51871645	509970,0248
Normichthys_operosus	NA	NA	NA	NA	NA	NA	NA	NA	NA	NA	NA	24,24089887	0,498110231	102,8956296	6,544579868	1,955033839	17,08298068	102,6201189
Notacanthus_bonaparte	bathypelagic	benthivorous	3,93	1,3	non-guarder	NA	30000	NA	NA	26	NA	33,21824387	0,351773428	307,2514685	7,473380106	2,173158653	18,52084639	775,3405558
Notacanthus_chemnitzii	benthopelagic	benthivorous	3,5	1,3	non-guarder	NA	20000	NA	NA	122	NA	33,21824387	0,351773428	307,2514685	7,473380106	2,173158653	18,52084639	775,3405558
Notoscopelus_kroyeri	bathypelagic	planktivorous	3,17	0,5	non-guarder	0,5	3380	12	0,89	19	2	14,98321087	0,362744437	29,31822736	5,800497077	1,726298287	8,481131323	65,50075511
Oncorhynchus_mykiss	benthopelagic	generalist	4,08	4	non-guarder	3,2	6475	59	0,51	40	11	62,67199186	0,48112071	2111,350769	6,88079678	2,162636194	39,58429301	24,45044335
Ophidion_barbatum	demersal	benthivorous	3,57	0,32	non-guarder	0,7	517379	128	0,12	25	25,5	61,81400534	0,219159892	1659,740469	12,77551829	3,664105668	34,72134714	9451,077149
Osmerus_eperlanus	pelagic	planktivorous	3,46	0,95	non-guarder	2	27750	32	0,27	32	10	22,63807907	0,332455186	70,70286058	9,90976839	3,564359881	17,85887293	278,9577499
Oxynotus_paradoxus	NA	NA	NA	NA	NA	NA	NA	NA	NA	NA	NA	124,8858801	0,091852536	9379,293225	29,8368247	13,13947277	80,6735456	1,659E+12
Pachycara_crassiceps	NA	NA	NA	NA	NA	NA	NA	NA	NA	NA	NA	44,98386136	0,232812807	773,251876	11,09046661	2,82612837	24,63198777	3342,959497
Pagellus_acarne	benthopelagic	benthivorous	3,81	1	non-guarder	2,5	310500	29	0,25	37	7	31,19428075	0,249437686	454,7633936	9,073548434	2,492694913	16,06335831	345,3046338
Pagellus_bellottii	NA	NA	NA	NA	NA	NA	NA	NA	NA	NA	NA	34,77657779	0,27579746	637,2705438	8,181884395	2,24857111	16,47243719	153,3115758
Pagellus_bogaraveo	benthopelagic	generalist	4,21	1,2	non-guarder	2,5	285000	54	0,17	53	20	54,67642568	0,136220932	2460,676733	13,99212753	3,965364933	25,99014625	22229,75599
Pagellus_erythrinus	benthopelagic	benthivorous	3,48	0,8	non-guarder	3	141600	52	0,14	60	20	35,94196229	0,193031241	753,1677471	11,61143765	3,141428993	17,38718841	1624,02796
Pagrus_auriga	benthopelagic	benthivorous	3,84	1,19	non-guarder	2,4	856136	118	0,06	80	18	57,44908598	0,166083774	3009,108858	15,10951363	3,802830248	27,46843396	14184,84816
Pagrus_pagrus	benthopelagic	benthivorous	3,86	0,9	non-guarder	1,9	200000	51	0,17	74	18	58,27400945	0,162254053	3180,311916	15,82133321	3,977926613	27,41403695	10223,80823
Parablennius_gattorugine	demersal	benthivorous	3,59	1,24	guarder	1	500	13	0,62	30	6,4	15,92704382	0,564650967	43,41454898	5,444001462	1,255781642	9,111353909	28,7493403
Pegusa_lascaris	demersal	benthivorous	3,29	1,35	non-guarder	4	500000	27	0,41	35	15	29,75013368	0,360458837	220,905632	14,13390483	2,870002915	19,88716579	931,8713857
Peristedion_cataphractum	demersal	benthivorous	3,66	1,52	NA	NA	NA	35	0,22	40	NA	34,51236659	0,230848989	360,6548871	11,61204011	3,540305469	20,26498213	3689,099104
Petromyzon_marinus	demersal	piscivorous	4,37	1,1	non-guarder	7	234333	54	0,16	84	11	47,52675479	0,165607147	774,9274485	11,02307611	4,363082234	25,62464576	3184,260159
Pholis_gunnellus	demersal	benthivorous	3,54	1,94	guarder	2	100	22	0,23	25	12	24,81785075	0,34324987	160,2858335	9,512684389	2,167603575	15,16656396	257,7894449
Phrynorhombus_norvegicus	bathydemersal	benthivorous	3,98	1,04	non-guarder	2,7	10000000	55	0,2	12	6	40,33229212	0,265022216	698,3850226	10,77361096	2,318644906	19,39448197	2057,494546
Phycis_blennoides	benthopelagic	benthivorous	3,66	0,84	non-guarder	3,5	1643889	53	0,23	50	20	52,55958651	0,283377393	928,6546676	8,169274746	2,378466985	27,53052518	577,3464072
Phycis_phycis	benthopelagic	generalist	4,25	0,84	non-guarder	3,5	8000000	65	0,19	64	5	63,18692874	0,248598529	1555,27691	6,472657174	2,177689491	29,31049591	324,2506851
Physiculus_dalwigki	benthopelagic	generalist	4,2	0,97	non-guarder	10,5	600000	43	0,15	30	27,4	58,37899776	0,202576899	1439,52894	14,0527009	3,926228455	33,43764029	39184,24554
Platichthys_flesus	demersal	benthivorous	3,32	0,95	non-guarder	3,8	1177674	41	0,36	58	15	40,89550576	0,250138398	570,8610947	13,96281012	3,574956614	21,52176077	12367,3679
Pleuronectes_platessa	demersal	benthivorous	3,23	2,17	non-guarder	3,5	552000	55	0,13	100	30	52,72452024	0,139449456	1806,810017	27,89196539	4,311039672	25,12369173	6835313,935
Pollachius_pollachius	benthopelagic	generalist	4,32	1,16	non-guarder	2,5	4535500	86	0,19	130	15	79,68051781	0,20680121	5619,306165	12,85434554	3,160289241	42,15596512	1407,674012
Pollachius_virens	demersal	generalist	4,31	1,11	non-guarder	4,2	4535500	109	0,13	130	25	115,3339295	0,129159903	19780,96736	21,67032267	5,37669599	61,13330523	201884,94
Polyacanthonotus_rissoanus	bathydemersal	generalist	3,49	1	non-guarder	NA	31000	NA	NA	60	NA	33,21824387	0,351773428	307,2514685	7,473380106	2,173158653	18,52084639	775,3405558
Polymetme_corythaeola	benthopelagic	piscivorous	4,4	0,8	non-guarder	0,3	109000	6	5,9	7	1	8,83708919	1,327929821	4,569642106	1,924220444	0,548437076	5,799005571	5,064906502
Polymetme_thaeocoryla	bathydemersal	piscivorous	4,4	0,8	non-guarder	0,3	109000	6	5,9	22	1	8,83708919	1,327929821	4,569642106	1,924220444	0,548437076	5,799005571	5,064906502
Polyprion_americanus	demersal	generalist	4,14	2,1	non-guarder	12,8	7450000	128	0,07	156	47	136,2466018	0,082865172	36364,50303	38,48935991	8,836795886	70,42992559	1386688125
Pomatomus_saltatrix	pelagic	generalist	4,53	1,05	non-guarder	2	402247	127	0,18	110	9	96,58458488	0,181027829	10938,37228	10,50820925	3,06515881	41,23169526	1676,762891
Pomatoschistus_lozanoi	demersal	generalist	3,13	1	guarder	1	1003	9	0,89	8	2	8,890202794	0,803153281	4,98643625	2,826088073	0,650385374	5,108045053	5,499244637
Pomatoschistus_microps	demersal	benthivorous	3,29	1,16	guarder	1	3517	11	0,29	5	3	11,55489436	0,565862321	11,17882573	3,792750201	0,892025398	6,402135273	10,5822681
Pomatoschistus_minutus	demersal	benthivorous	3,22	1,15	guarder	1	3654	8	1,11	7	3	7,989099482	0,916937112	3,342878492	2,276402112	0,532492836	4,770503441	3,947956864
Pomatoschistus_norvegicus	demersal	benthivorous	3,26	0,88	guarder	1	2995	9	0,93	8	1,8	9,891579757	0,724626597	6,904212368	3,089802041	0,715347445	5,615701847	7,329103593
Pomatoschistus_pictus	demersal	benthivorous	3,12	0,78	guarder	1	1000	9	0,93	6	2	9,891579757	0,724626597	6,904212368	3,089802041	0,715347445	5,615701847	7,329103593
Pontinus_kuhlii	bathydemersal	generalist	4,05	0,9	non-guarder	2	48851	52	0,08	50	18	48,29400192	0,105177107	968,966411	17,69645472	6,466049491	24,52334412	1377598,922
Prionace_glauca	pelagic	piscivorous	4,35	425	bearer	7,3	70	269	0,21	320	20	333,9675555	0,127963337	219132,3832	20,65809299	8,514579177	221,841097	2858869,476
Protomyctophum_arcticum	bathypelagic	planktivorous	3,1	0,5	non-guarder	0,5	3380	9	0,38	4	1,3	8,86607341	0,686904721	5,749004472	3,267585225	0,959135074	5,161974258	10,84755736
Pterycombus_brama	pelagic	generalist	4,4	1,6	non-guarder	4	NA	71	0,08	46	10	51,05266077	0,230757035	1543,772509	13,36953452	3,202047677	27,41288552	12814,10767
Pungitius_pungitius	benthopelagic	generalist	3,35	1,25	guarder	1,5	394	4	1,6	8	5	4,585677607	1,599021162	0,658033854	3,074396371	0,615230142	3,56025128	5,239659032
Raja_asterias	demersal	benthivorous	3,5	45	non-guarder	4,8	70	109	0,14	70	21	100,6159881	0,153558812	4664,465493	16,41970487	7,304440044	68,33119364	450807,8253
Raja_brachyura	demersal	generalist	3,76	90	non-guarder	4,8	52	129	0,15	115	15	129,5705762	0,138602929	9689,392933	18,11380057	8,276648153	90,49974977	732142,1066
Raja_clavata	demersal	generalist	3,84	65	non-guarder	5,4	94	111	0,13	139	15	118,2758093	0,131619489	7273,630027	18,04963637	7,692362354	78,99631159	1066397,793
Raja_microocellata	demersal	piscivorous	3,89	75	non-guarder	4,8	58	137	0,07	88	24	130,3937934	0,115011869	10308,62293	21,02827974	9,51526683	85,82231719	10409172,25
Raja_miraletus	demersal	generalist	3,8	40	non-guarder	4,8	40	90	0,18	63	21	91,03847513	0,173665212	3473,239249	14,73040293	6,531014771	62,05535037	61094,08563
Raja_montagui	demersal	generalist	3,88	60	non-guarder	3,8	42	74	0,19	77	18	78,9485189	0,192253833	2164,681635	13,75330883	5,992370273	56,72263263	24656,70536
Raja_undulata	demersal	benthivorous	3,5	70	non-guarder	8,8	38	111	0,1	114	28,9	111,4805436	0,143841249	6739,164784	17,06978449	7,771268151	71,74634841	325990,4511
Rajella_bathyphila	bathydemersal	benthivorous	3,37	48	non-guarder	5	55	108	0,12	90	14	103,5431965	0,140511446	5023,295494	16,53429249	8,135706156	66,85285848	4125460,456
Rajella_bigelowi	NA	NA	NA	NA	NA	NA	NA	NA	NA	NA	NA	103,5431965	0,140511446	5023,295494	16,53429249	8,135706156	66,85285848	4125460,456
Rajella_fyllae	bathydemersal	benthivorous	3,37	48	non-guarder	5	47	98	0,12	60	14	103,5431965	0,140511446	5023,295494	16,53429249	8,135706156	66,85285848	4125460,456
Rajella_kukujevi	NA	NA	NA	NA	NA	NA	NA	NA	NA	NA	NA	103,5431965	0,140511446	5023,295494	16,53429249	8,135706156	66,85285848	4125460,456
Raniceps_raninus	demersal	benthivorous	3,77	0,83	non-guarder	3,3	2549502	54	0,24	28	8	47,07665798	0,272313413	906,0309837	10,4459865	2,349485895	26,81245495	1003,364247
Regalecus_glesne	NA	NA	NA	NA	NA	NA	NA	NA	NA	NA	NA	54,20518783	0,239207168	1354,832088	10,53667685	3,127580792	28,82623215	11650,86256
Rhinochimaera_atlantica	bathydemersal	benthivorous	3,55	125	non-guarder	NA	NA	NA	NA	140	NA	96,39969505	0,161174921	6557,550394	17,14389529	5,79373331	56,84275801	7732035,557
Rostroraja_alba	demersal	piscivorous	4,41	154	non-guarder	5	104	120	0,13	230	21,3	103,5431965	0,140511446	5023,295494	16,53429249	8,135706156	66,85285848	4125460,456
Rouleina_attrita	bathypelagic	generalist	3,67	2,7	non-guarder	NA	3754	51	0,13	48	4	33,41458021	0,280767055	318,1321543	12,03087647	3,641272858	22,42274081	2382,173526
Salmo_salar	benthopelagic	generalist	4,5	5,73	non-guarder	4,2	9606	137	0,23	76	13	123,2518901	0,274403479	18394,75929	6,451923568	1,952148826	55,95786145	67,28135471
Sander_lucioperca	pelagic	piscivorous	4,04	0,9	guarder	4	685311	98	0,12	130	17	82,98276617	0,163411711	6098,810846	8,443983352	3,136688985	36,12559235	2937,187718
Sarda_sarda	pelagic	piscivorous	4,5	1,14	non-guarder	1	1999479	77	0,5	91	5	74,0055845	0,442259677	3559,460289	3,45781061	1,166556691	36,79418845	16,23172234
Sardina_pilchardus	pelagic	planktivorous	3,06	1,3	non-guarder	1,7	169000	20	0,36	27	14	19,6221591	0,409491494	62,57484254	8,868868365	3,169885052	13,58268601	346,7335712
Sarpa_salpa	benthopelagic	herbivorous	2	1,14	non-guarder	2	856136	45	0,2	45	15	42,82558886	0,226865685	1250,775076	11,47509691	2,816504526	20,52434416	856,3242991
Schedophilus_medusophagus	pelagic	planktivorous	4	1,3	non-guarder	6	NA	66	0,24	51	12	50,42094427	0,274593546	1417,557508	10,88639579	2,607394468	27,93859357	2128,27653
Scomber_colias	pelagic	generalist	3,91	1,15	non-guarder	1	718250	42	0,31	50	7	45,22249418	0,353356738	1051,455411	8,884095779	2,321886288	26,97652229	365,4748487
Scomber_japonicus	pelagic	planktivorous	3,38	1,1	non-guarder	2	540129	42	0,27	70	18	45,05462978	0,31170553	1127,861682	8,608876048	2,333790258	26,4924904	258,3912521
Scomber_scombrus	pelagic	generalist	3,63	1,15	non-guarder	2,2	598563	41	0,34	50	21	39,66512378	0,321182191	638,6794582	12,86774987	3,028596846	26,77367706	2200,665595
Scopelogadus_beanii	bathypelagic	planktivorous	3,88	0,5	non-guarder	8	42700	18	0,11	12	8,5	24,82943018	0,278052529	131,8918349	8,71929417	2,588092791	13,79817197	1668,622786
Scophthalmus_maximus	demersal	benthivorous	4,36	1	non-guarder	4	5000000	59	0,27	82	25	56,19165984	0,252554122	2972,587936	15,10046712	2,54070701	27,29966431	1995,089591
Scophthalmus_rhombus	demersal	benthivorous	4,42	1,3	non-guarder	3	10000000	44	0,42	46	5,7	41,17724691	0,429926	858,6099555	7,21025772	1,407062063	19,39772735	55,11242744
Scorpaena_loppei	demersal	benthivorous	3,5	0,9	non-guarder	1	103000	12	0,51	13	5	12,74283806	0,37751517	15,73203345	5,03072055	1,861722651	7,169158574	42,28402611
Scorpaena_notata	demersal	benthivorous	3,7	0,88	non-guarder	2	15000	18	0,31	18	8	18,89224431	0,242189883	52,28000556	7,164696508	2,749816016	10,04401318	280,987013
Scorpaena_porcus	demersal	benthivorous	3,92	0,92	non-guarder	3	50000	26	0,17	30	7	34,05879768	0,145937596	276,4745794	8,522453205	3,782930064	16,13386302	2729,741121
Scorpaena_scrofa	demersal	benthivorous	4,25	0,88	non-guarder	2	247407	57	0,08	54	25	32,62020047	0,132883389	279,8708765	12,34170519	4,852934749	16,37678958	28511,1195
Scyliorhinus_canicula	demersal	generalist	3,82	80	non-guarder	5	2	88	0,2	70	12	71,0699373	0,214406466	1123,02565	11,45365195	4,442204391	46,52340303	8426,48856
Scyliorhinus_stellaris	reef-associated	generalist	4,03	160	non-guarder	5	77	88	0,2	170	19	84,45139075	0,200777901	2079,82596	12,75695846	4,948978315	54,96095578	56249,99568
Scymnodon_ringens	bathypelagic	generalist	4,22	410	bearer	79,3	16	317	0,06	110	223	124,8858801	0,091852536	9379,293225	29,8368247	13,13947277	80,6735456	1,659E+12
Sebastes_mentella	bathypelagic	generalist	4,12	6	bearer	11,5	22450	43	0,09	58	75	45,57212459	0,092031327	1080,394558	53,19110243	12,11269439	29,57894302	3,81031E+12
Sebastes_norvegicus	benthopelagic	generalist	4,04	8	bearer	11	142988	39	0,1	100	60	45,89383465	0,096385046	1041,844397	55,58648701	12,28830078	30,5722249	4,63095E+12
Sebastes_viviparus	demersal	generalist	4,03	5,5	bearer	20	20000	36	0,07	35	40	38,17682696	0,121035217	646,4319426	44,97767778	9,877660825	25,58112536	12266669808
Serranus_cabrilla	demersal	generalist	3,35	0,91	non-guarder	3	45000	30	0,19	27	7	28,11397809	0,215483376	200,9540314	6,405620124	2,91553008	13,48960485	200,919228
Serranus_hepatus	demersal	benthivorous	3,47	0,91	non-guarder	3	45000	14	0,28	25	5	15,83831478	0,320260202	41,04349905	6,467437342	2,606195895	8,558354276	80,28344602
Serranus_scriba	demersal	benthivorous	3,82	1,28	non-guarder	3	45000	30	0,2	32	14	31,0052173	0,202928363	317,6945083	10,36187545	4,070304065	16,19450103	1172,403409
Serrivomer_beanii	bathypelagic	generalist	3,88	NA	NA	NA	NA	76	0,3	78	NA	71,55207232	0,213753033	1905,560859	9,979770171	3,136479263	39,88903038	3032,635492
Solea_senegalensis	demersal	benthivorous	3,25	1,28	non-guarder	2,9	500000	53	0,18	60	26,4	57,65268644	0,206581132	1520,391298	19,79336389	3,567400591	31,32634107	90197,11191
Solea_solea	demersal	benthivorous	3,21	1,28	non-guarder	2,9	300000	36	0,31	60	26,4	38,32500553	0,318889681	408,8835859	11,92145633	1,826715701	19,28694394	1092,837567
Somniosus_microcephalus	benthopelagic	piscivorous	4,22	400	bearer	156	10	550	0,01	800	392	124,8858801	0,091852536	9379,293225	29,8368247	13,13947277	80,6735456	1,659E+12
Somniosus_rostratus	NA	NA	NA	NA	NA	NA	NA	NA	NA	NA	NA	124,8858801	0,091852536	9379,293225	29,8368247	13,13947277	80,6735456	1,659E+12
Sparus_aurata	demersal	generalist	3,7	1	non-guarder	3,1	856136	57	0,25	70	11	56,29135642	0,246296319	2986,060405	11,87175861	2,882320207	29,56223148	752,707254
Spectrunculus_grandis	NA	NA	NA	NA	NA	NA	NA	NA	NA	NA	NA	61,81400534	0,219159892	1659,740469	12,77551829	3,664105668	34,72134714	9451,077149
Sphoeroides_pachygaster	benthopelagic	piscivorous	4,2	0,88	non-guarder	1	167000	30	0,51	41	3	29,48728829	0,547566345	370,2953504	5,167650577	1,438464282	16,90923228	21,22478244
Spicara_maena	benthopelagic	planktivorous	4,15	1,8	non-guarder	2	61325	20	0,25	16	5	21,06505654	0,290446032	140,9769804	8,302877051	2,009623754	10,51038498	146,1534239
Spicara_smaris	benthopelagic	planktivorous	3	1,8	guarder	2	61325	21	0,37	21	5,5	19,52054834	0,402522693	80,80811478	5,736232208	1,36845068	10,01346868	34,83857716
Spinachia_spinachia	benthopelagic	generalist	3,5	1,96	guarder	1	432	6	2,23	16	1	14,26264514	0,919030851	21,73078175	4,811099568	0,994646753	10,08037715	16,7499991
Spondyliosoma_cantharus	benthopelagic	generalist	3,34	1,09	non-guarder	2,8	90413	56	0,3	40	14	46,35879517	0,192605018	1839,925639	14,42747154	3,455221113	23,30854061	4228,710125
Sprattus_sprattus	pelagic	planktivorous	3,01	1,1	non-guarder	2	14630	15	0,6	15	6	15,14119173	0,521119314	27,26398572	6,409618197	2,174595521	11,14318516	58,79540128
Squalus_acanthias	benthopelagic	generalist	4,37	260	bearer	8,8	11	96	0,07	120	75	117,3282503	0,079048702	5068,099623	24,5364532	12,99462958	74,65902376	9833034373
Squalus_blainville	demersal	generalist	3,97	230	bearer	20,8	4	98	0,09	100	28	90,85902914	0,0944586	2747,202105	23,2903319	11,42203573	57,30352574	486584801,6
Symbolophorus_veranyi	bathypelagic	planktivorous	3,25	0,5	non-guarder	0,5	3380	14	0,43	13	5	11,12951869	0,488082999	10,95356058	4,616246624	1,336033028	6,612814206	28,59176922
Symphodus_bailloni	reef-associated	benthivorous	3,36	0,91	guarder	1,7	160631	23	0,35	20	9	16,99452267	0,416934917	68,29413353	6,295804708	1,547861842	9,076781758	41,13084594
Symphodus_melops	reef-associated	benthivorous	3,38	0,91	guarder	3	160631	25	0,25	21	9	22,15580287	0,284343985	152,7129359	8,644470922	2,083259454	11,45210684	151,8780165
Symphodus_roissali	reef-associated	benthivorous	3,47	0,83	guarder	1	160631	15	0,37	14	8	15,04180657	0,439702645	46,66038146	5,464939238	1,384806014	8,013946061	20,45181377
Symphurus_nigrescens	demersal	benthivorous	3,5	0,8	non-guarder	2	66042	17	0,38	12	5	19,39997829	0,436085633	46,47525781	6,698391828	1,742645728	10,84230958	120,0280923
Synaphobranchus_kaupii	bathydemersal	generalist	4,09	1	non-guarder	NA	120000	137	0,52	54	NA	90,20698943	0,211908908	4127,914658	10,85669283	3,385218972	47,59889678	19003,1546
Synchiropus_phaeton	demersal	benthivorous	3,38	0,83	non-guarder	3,3	5000	21	0,47	18	5	29,33764866	0,443452556	230,8733349	6,835082861	1,757462444	17,25278623	124,2880741
Syngnathus_acus	demersal	benthivorous	3,33	2,05	bearer	1,5	221	23	0,63	21	3	18,15791151	0,754231939	21,12789678	4,114842022	1,063197641	11,37230707	27,27796084
Syngnathus_rostellatus	demersal	planktivorous	3,69	1,41	bearer	1,5	100	20	0,75	19	3	19,42367355	0,683511751	25,32883557	4,510811286	1,162076242	12,29578499	30,24561176
Syngnathus_typhle	pelagic	planktivorous	4,31	1,98	bearer	1,5	175	26	0,56	35	3	18,53107497	0,684624439	19,53613157	4,357914467	1,141819935	11,67810173	29,56433535
Taurulus_bubalis	demersal	benthivorous	3,59	1,7	non-guarder	1	3800	19	0,23	17	4	20,52183968	0,246537299	84,44151438	9,525739886	2,871665401	12,16208601	994,2193501
Thorogobius_ephippiatus	NA	NA	NA	NA	NA	NA	NA	NA	NA	NA	NA	14,70929444	0,426648592	26,02379976	5,559928577	1,288467139	7,607539674	27,38604542
Thunnus_thynnus	NA	NA	NA	NA	NA	NA	NA	NA	NA	NA	NA	376,0963039	0,101468924	701125,4069	27,11295187	7,474233807	190,7340519	27706495,95
Torpedo_marmorata	reef-associated	benthivorous	4,5	100	bearer	8	19	91	0,08	100	16	81,6398447	0,129392612	2814,322526	19,65297607	7,91964037	50,55668438	10694180,93
Torpedo_torpedo	NA	NA	NA	NA	NA	NA	NA	NA	NA	NA	NA	55,04369826	0,163142859	857,2484057	15,84070962	6,312555285	35,23393626	214295,9046
Trachinus_draco	demersal	generalist	4,18	1	non-guarder	1	160000	35	0,16	53	13,5	38,70621519	0,351392033	662,3687848	9,387624161	2,197243156	21,49901727	653,8245679
Trachipterus_arcticus	bathypelagic	piscivorous	4,5	2,41	non-guarder	NA	200000	303	0,07	300	NA	257,6680933	0,070076244	152516,2131	31,45151167	9,967284037	117,8765397	20068741061
Trachurus_mediterraneus	pelagic	generalist	3,77	0,9	non-guarder	1,4	257524	34	0,31	26	12	35,88085712	0,304040967	472,3504258	11,67419394	2,00800577	19,98255103	182,3509413
Trachurus_picturatus	pelagic	generalist	3,32	0,9	non-guarder	3,5	276449	47	0,17	60	18	59,49667013	0,166591064	2346,485887	18,06093864	3,462546941	29,81945999	9788,560509
Trachurus_trachurus	pelagic	generalist	3,71	0,9	non-guarder	2,6	263139	44	0,18	41	40	38,7086508	0,207881515	609,864818	13,74160112	2,537309621	19,79704603	991,3564704
Trachyrincus_murrayi	benthopelagic	generalist	3,47	1,5	non-guarder	12,4	14191	47	0,28	48	11	48,22034273	0,181885514	768,986458	23,96010866	6,446533502	30,41065512	1135707,802
Trachyrincus_scabrus	bathydemersal	generalist	3,64	1,5	non-guarder	12,4	14191	47	0,28	22	11	46,53871908	0,199206958	685,8549492	22,27723068	5,954362885	29,62045987	141236,8954
Trichiurus_lepturus	benthopelagic	piscivorous	4,42	1,74	non-guarder	3,7	130000	113	0,3	213	15	96,776047	0,283645566	886,3414164	6,903383543	1,996860576	43,2206061	633,8257657
Trigla_lyra	bathydemersal	benthivorous	3,65	1,4	non-guarder	2,8	108000	61	0,15	47	8	55,44947018	0,217968526	1724,487539	9,849929594	3,306448797	29,28659884	827,518011
Triglops_murrayi	demersal	benthivorous	3,45	2	non-guarder	3,5	450	33	0,14	20	10	29,91218848	0,191141867	243,1900381	11,66690195	3,629432095	16,84439786	11114,55987
Trisopterus_esmarkii	benthopelagic	planktivorous	3,24	1,14	non-guarder	1,7	205595	21	0,55	21	5	21,63890223	0,562353455	65,84376111	4,543644477	1,146962499	13,57759288	12,24792728
Trisopterus_luscus	benthopelagic	generalist	3,57	1,1	non-guarder	1,5	521738	46	0,47	46	6	42,14845263	0,358840514	711,3749838	5,525997638	1,459391755	20,56834303	28,27673192
Trisopterus_minutus	benthopelagic	generalist	3,73	1,04	non-guarder	2	363667	21	0,44	24	8	24,66963237	0,426203568	127,6528554	5,212921569	1,324737469	13,57194068	21,02449773
Umbrina_canariensis	demersal	benthivorous	3,37	0,75	non-guarder	2,3	311725	57	0,26	80	15	57,67021762	0,269508808	1738,89253	11,34693227	2,722768782	31,13641067	597,2296162
Uranoscopus_scaber	demersal	generalist	4,38	2	non-guarder	1,5	10000	36	0,19	40	5	37,81574869	0,271394225	625,5919436	5,893248049	1,758386389	17,97075918	83,16263707
Venefica_proboscidea	NA	NA	NA	NA	NA	NA	NA	NA	NA	NA	NA	65,56685841	0,215817451	1525,534832	10,56775142	3,25279289	36,41097235	13127,54398
Vinciguerria_poweriae	bathypelagic	planktivorous	3,09	0,68	non-guarder	0,3	109000	6	5,9	2	0,6	5,714687512	2,33639993	1,158956116	1,078461387	0,308324005	3,877780707	2,480081914
Xenodermichthys_copei	bathypelagic	generalist	3,19	2,7	non-guarder	NA	3754	51	0,13	31	26	33,41458021	0,280767055	318,1321543	12,03087647	3,641272858	22,42274081	2382,173526
Xiphias_gladius	pelagic	piscivorous	4,53	1,7	non-guarder	5,5	9250000	285	0,09	225	19	260,5520161	0,138368053	187079,8623	15,04760589	4,254243558	111,3849641	63997,65305
Zenopsis_conchifer	benthopelagic	generalist	4,5	2	non-guarder	4	292500	60	0,19	80	29	54,97774806	0,201113855	2141,543311	15,24800619	4,071357897	31,28253183	34407,55562
Zeugopterus_punctatus	demersal	benthivorous	3,99	1	non-guarder	2,7	10000000	55	0,2	25	10,2	40,33229212	0,265022216	698,3850226	10,77361096	2,318644906	19,39448197	2057,494546
Zeugopterus_regius	demersal	generalist	3,99	1,09	non-guarder	2,7	10000000	66	0,23	20	9,5	40,33229212	0,265022216	698,3850226	10,77361096	2,318644906	19,39448197	2057,494546
Zeus_faber	benthopelagic	piscivorous	4,5	2	non-guarder	4	30000	69	0,15	60	18	54,5033306	0,23298514	2703,988869	14,96035204	3,648408145	31,7305952	2232,363464
Zoarces_viviparus	demersal	benthivorous	3,73	45	bearer	1,5	100	107	0,09	32	14	32,86441308	0,251431271	222,0685777	9,406421192	2,479601517	18,42478111	526,7461886